LINEGAP2_1
1          0.00         -0.00
2       -178.20        178.20

LINEGAP2_2
1          0.00         -0.00
2       -340.20        340.20

LINEGAP2_3
1          0.00         -0.00
2       -151.20        590.19

LINEGAP2_4
1          0.00         -0.00
2      -1330.20        665.10

LINEGAP3_1
1          0.00         -0.00
2       -170.10        170.10
3       -340.20        340.20

LINEGAP3_2
1          0.00         -0.00
2       -666.00        333.00
3       -930.60        465.30

LINEGAP3_3
1          0.00         -0.00
2       -108.00        421.56
3       -279.00       1089.00

LINEGAP3_4
1          0.00         -0.00
2       -666.00        333.00
3      -1330.20        665.10

LINEGAP4_1
1          0.00         -0.00
2       -113.40        113.40
3       -226.80        226.80
4       -340.20        340.20

LINEGAP4_2
1          0.00         -0.00
2       -277.20        138.60
3       -666.00        333.00
4       -930.60        465.30

LINEGAP4_3
1          0.00         -0.00
2        -73.80        288.00
3       -192.60        751.68
4       -279.00       1089.00

LINEGAP4_4
1          0.00         -0.00
2       -666.00        333.00
3      -1044.00        522.00
4      -1330.20        665.10

LINEGAP5_1
1          0.00         -0.00
2       -113.40        113.40
3       -170.10        170.10
4       -226.80        226.80
5       -340.20        340.20

LINEGAP5_2
1          0.00         -0.00
2       -277.20        138.60
3       -466.29        232.65
4       -666.00        333.00
5       -930.60        465.30

LINEGAP5_3
1          0.00         -0.00
2        -73.80        288.00
3       -133.20        519.84
4       -192.60        751.68
5       -279.00       1089.00

LINEGAP5_4
1          0.00         -0.00
2       -277.20        138.60
3       -666.00        333.00
4      -1044.00        522.00
5      -1330.20        665.10

BOXGAP4_1
1          0.00         -0.00
2       -205.20          0.88
3       -204.32        206.08
4          0.88        205.20

BOXGAP4_2
1          0.00         -0.00
2       -410.40          0.88
3       -409.52        411.28
4          0.88        410.40

BOXGAP5_1
1          0.00         -0.00
2       -205.20          0.88
3       -204.32        206.08
4          0.88        205.20
5       -102.16        103.04

BOXGAP5_2
1          0.00         -0.00
2       -410.40          0.88
3       -409.52        411.28
4          0.88        410.40
5       -204.76        205.64

BOXGAP6_1
1          0.00         -0.00
2       -102.60          0.88
3       -205.19          1.76
4       -203.43        206.95
5       -100.84        206.07
6          1.76        205.19

BOXGAP6_2
1          0.00         -0.00
2       -410.40          0.88
3       -820.80          1.76
4       -819.92        412.16
5       -409.52        411.28
6          0.88        410.40

BOXGAP7_1
1          0.00         -0.00
2       -102.60          0.88
3       -205.19          1.76
4       -203.43        206.95
5       -100.84        206.07
6          1.76        205.19
7       -153.01        103.92

BOXGAP7_2
1          0.00         -0.00
2       -410.40          0.88
3       -820.80          1.76
4       -819.92        412.16
5       -409.52        411.28
6          0.88        410.40
7       -204.76        205.64

BOXGAP8_1
1          0.00         -0.00
2       -136.80          0.88
3       -273.59          1.76
4       -410.39          2.64
5       -409.07        207.84
6       -272.27        206.96
7       -135.48        206.08
8          1.32        205.20

BOXGAP8_2
1          0.00         -0.00
2       -410.40          0.88
3       -820.80          1.76
4      -1231.20          2.64
5      -1230.32        413.04
6       -819.92        412.16
7       -409.52        411.28
8          0.88        410.40

BOXGAP9_1
1          0.00         -0.00
2       -205.20          0.88
3       -410.40          1.76
4       -409.52        206.96
5       -204.32        206.08
6          0.88        205.20
7          1.76        410.40
8       -203.44        411.28
9       -408.64        412.16

BOXGAP9_2
1          0.00         -0.00
2       -410.40          0.88
3       -820.80          1.76
4       -819.92        412.16
5       -409.52        411.28
6          0.88        410.40
7          1.76        820.80
8       -408.64        821.68
9       -819.03        822.56

