SUB2
1	0.0000	0.0000
2	0.0275	0.0825

SUB3
1	0.0000	0.0000
2	0.0367	0.0733
3	0.0550	0.0367

SUB4
1	0.0000	0.0000
2	-0.0825	-0.0275
3	-0.0275	0.0550
4	0.0550	0.0825

SUB5
1	0.0000	0.0000
2	0.0440	0.0880
3	0.0770	0.0440
4	0.0330	-0.0440
5	-0.0440	-0.0880

SUB6
1	0.0000	0.0000
2	0.0187	0.0902
3	0.0902	0.0187
4	0.0363	-0.0638
5	-0.0550	-0.0814
6	-0.0363	0.0091

SUB7
1	0.0000	0.0000
2	0.0616	0.0693
3	0.1012	-0.0154
4	0.0385	-0.0858
5	-0.0308	-0.0616
6	-0.0770	0.0077
7	-0.0385	0.0858

SUB8
1	0.0000	0.0000
2	0.0132	-0.0682
3	-0.0682	-0.0946
4	-0.0682	-0.0132
5	-0.0946	0.0682
6	0.0000	0.0814
7	0.0814	0.0814
8	0.0814	0.0000

SUB9
1	0.0000	0.0000
2	-0.0539	0.0726
3	0.0187	0.0902
4	0.0902	0.0902
5	0.0902	0.0187
6	0.0726	-0.0539
7	0.0000	-0.0726
8	-0.0902	-0.0902
9	-0.0726	0.0000
